11 14 40 01 13.97    
11 14 42 01 31.11    
11 14 44 01 41.66    
11 14 46 01 49.20    
11 14 48 01 54.38    
11 14 50 01 57.63    
11 14 52 01 59.83    
11 14 54 01 61.23    
11 14 56 01 62.17    
11 14 58 01 62.77    
11 15 00 01 63.19    
11 15 02 01 63.54    
11 15 04 01 63.73    
11 15 06 01 63.81    
11 15 08 01 63.89    
11 15 10 01 63.94    
11 15 12 01 63.97    
11 15 14 01 63.99    
11 15 16 01 63.99    
11 15 18 01 64.03    
11 15 20 01 64.03    
11 15 22 01 64.04    
11 15 24 01 64.14    
11 15 26 01 64.17    
11 15 28 01 64.18    
11 15 30 01 64.16    
11 15 32 01 64.24    
11 15 34 01 64.18    
11 15 36 01 64.13    
11 15 38 01 64.20    
11 15 40 01 64.19    
11 15 42 01 64.13    
11 15 44 01 64.11
11 15 46 01 64.11
11 15 48 01 64.09
11 15 50 01 64.09
11 15 52 01 64.07
11 15 54 01 64.07
11 15 56 01 64.04
11 15 58 01 64.02
11 16 00 01 64.05
11 16 02 01 64.06
11 16 04 01 64.05
11 16 06 01 64.10
11 16 08 01 64.08
11 16 10 01 64.08
11 16 12 01 64.06
11 16 14 01 64.05
11 16 16 01 64.04
11 16 18 01 64.03
11 16 20 01 64.06
11 16 22 01 64.03
11 16 24 01 64.05
11 16 26 01 64.10
11 16 28 01 64.09
11 16 30 01 64.12
11 16 32 01 64.15
11 16 34 01 64.12
11 16 36 01 64.08
11 16 38 01 64.05
11 16 40 01 64.10
11 16 42 02 64.06
11 16 44 01 64.05
11 16 46 01 64.10
11 16 48 01 64.16
11 16 50 02 64.18
11 16 52 01 64.19
11 16 54 01 64.14
11 16 56 01 64.09
11 16 58 01 64.06
11 17 00 01 64.05
11 17 02 01 64.03
11 17 04 01 64.03
11 17 06 01 64.13
11 17 08 01 64.10
11 17 10 01 64.08
11 17 12 01 64.06
11 17 14 01 64.08
11 17 16 01 64.06
11 17 18 01 64.05
11 17 20 01 64.06
11 17 22 01 64.04
11 17 24 01 64.05
11 17 26 01 64.05
11 17 28 01 64.06
11 17 30 01 64.06
11 17 32 01 64.05
11 17 34 01 64.03
11 17 36 01 64.02
11 17 38 01 64.00
11 17 40 01 64.16
11 17 42 01 64.12
11 17 44 01 64.07
11 17 46 01 64.09
11 17 48 01 64.06
11 17 50 01 64.09
11 17 52 01 64.07
11 17 54 01 64.05
11 17 56 01 64.05
11 17 58 01 64.06
11 18 00 01 64.06
11 18 02 01 64.05
11 18 04 01 64.06
11 18 06 01 64.06
11 18 08 01 64.08
11 18 10 01 64.15
11 18 12 01 64.32
11 18 14 01 64.28
11 18 16 01 64.30
11 18 18 01 64.21
11 18 20 01 64.16
11 18 22 01 64.13
11 18 24 01 64.10
11 18 26 01 64.06
11 18 28 02 64.10
11 18 30 01 64.08
11 18 32 01 64.06
11 18 34 01 64.04
11 18 36 01 64.06
11 18 38 01 64.03
11 18 40 01 64.02
11 18 42 01 64.15
11 18 44 02 64.09
11 18 46 01 64.06
11 18 48 01 64.03
11 18 50 01 64.02
11 18 52 01 64.06
11 18 54 01 64.05
11 18 56 01 64.03
11 18 58 01 64.03
11 19 00 01 64.04
11 19 02 01 64.05
11 19 04 01 64.08
11 19 06 01 64.08
11 19 08 01 64.06
11 19 10 01 64.05
11 19 12 01 64.09
11 19 14 01 64.07
11 19 16 01 64.12
11 19 18 01 64.10
11 19 20 01 64.09
11 19 22 01 64.07
11 19 24 01 64.04
11 19 26 01 64.05
11 19 28 01 64.06
11 19 30 01 64.08
11 19 32 01 64.07
11 19 34 01 64.11
11 19 36 01 64.14
11 19 38 01 64.14
11 19 40 01 64.17
11 19 42 01 64.11
11 19 44 01 64.08
11 19 46 01 64.06
11 19 48 01 64.17
11 19 50 01 64.16
11 19 52 01 64.16
11 19 54 02 64.18
11 19 56 01 64.14
11 19 58 01 64.09
11 20 00 01 64.06
11 20 02 01 64.03
11 20 04 01 64.03
11 20 06 01 64.03
11 20 08 01 64.03
11 20 10 01 64.04
11 20 12 01 64.03
11 20 14 01 64.02
11 20 16 01 64.02
11 20 18 01 64.03
11 20 20 01 64.01
11 20 22 01 64.03
11 20 24 01 64.10
11 20 26 01 64.06
11 20 28 01 64.04
11 20 30 01 64.03
11 20 32 01 64.03
11 20 34 01 64.03
11 20 36 01 64.03
11 20 38 01 64.11
11 20 40 02 64.07
11 20 42 01 64.04
11 20 44 01 64.02
11 20 46 01 64.05
11 20 48 01 64.07
11 20 50 01 64.09
11 20 52 01 64.08
11 20 54 01 64.07
11 20 56 01 64.14
11 20 58 01 64.19
11 21 00 01 64.22
11 21 02 01 64.21
11 21 04 01 64.20
11 21 06 01 64.18
11 21 08 01 64.14
11 21 10 01 64.09
11 21 12 01 64.08
11 21 14 01 64.06
11 21 16 01 64.08
11 21 18 01 64.07
11 21 20 01 64.06
11 21 22 01 64.08
11 21 24 01 64.05
11 21 26 01 64.05
11 21 28 01 64.14
11 21 30 01 64.09
11 21 32 01 64.11
11 21 34 01 64.10
11 21 36 01 64.10
11 21 38 01 64.08
11 21 40 01 64.07
11 21 42 01 64.09
11 21 44 01 64.06
11 21 46 01 64.05
11 21 48 01 64.04
11 21 50 01 64.02
11 21 52 01 64.06
11 21 54 01 64.08
11 21 56 01 64.08
11 21 58 01 64.10
11 22 00 02 64.11
11 22 02 01 64.22
11 22 04 01 64.14
11 22 06 01 64.12
11 22 08 01 64.07
11 22 10 01 64.06
11 22 12 01 64.05
11 22 14 01 64.06
11 22 16 01 64.06
11 22 18 01 64.04
11 22 20 01 64.04
11 22 22 01 64.08
11 22 24 01 64.15
11 22 26 01 64.23
11 22 28 01 64.23
11 22 30 01 64.16
11 22 32 01 64.17
11 22 34 01 64.14
11 22 36 01 64.10
11 22 38 01 64.14
11 22 40 02 64.13
11 22 42 01 64.09
11 22 44 01 64.06
11 22 46 01 64.03
11 22 48 01 64.02
11 22 50 01 64.01
11 22 52 01 64.00
11 22 54 01 64.01
11 22 56 01 64.00
11 22 58 01 64.00
11 23 00 01 64.02
11 23 02 01 64.03
11 23 04 01 64.03
11 23 06 01 64.04
11 23 08 01 64.04
11 23 10 01 64.13
11 23 12 01 64.11
11 23 14 01 64.08
11 23 16 01 64.08
11 23 18 01 64.10
11 23 20 01 64.08
11 23 22 01 64.13
11 23 24 01 64.13
11 23 26 01 64.13
11 23 28 01 64.12
11 23 30 01 64.08
11 23 32 01 64.07
11 23 34 02 64.06
11 23 36 01 64.05
11 23 38 01 64.06
11 23 40 01 64.05
11 23 42 01 64.03
11 23 44 01 64.15
11 23 46 01 64.20
11 23 48 01 64.15
11 23 50 01 64.15
11 23 52 01 64.18
11 23 54 01 64.13
11 23 56 01 64.08
11 23 58 01 64.07
12 00 00 01 64.05
12 00 02 01 64.05
12 00 04 02 64.05
12 00 06 01 64.03
12 00 08 01 64.01
12 00 10 01 64.03
12 00 12 01 64.03
12 00 14 01 64.04
12 00 16 01 64.09
12 00 18 01 64.09
12 00 20 01 64.06
12 00 22 01 64.06
12 00 24 01 64.05
12 00 26 01 64.04
12 00 28 01 64.04
12 00 30 01 64.03
12 00 32 01 64.03
12 00 34 01 64.03
12 00 36 01 64.03
12 00 38 01 64.02
12 00 40 01 64.00
12 00 42 01 64.00
12 00 44 01 64.01
12 00 46 01 64.04
12 00 48 01 64.11
12 00 50 01 64.08
12 00 52 01 64.06
12 00 54 01 63.73
12 00 56 01 62.93
12 00 58 01 61.94
12 01 00 01 58.22
12 01 02 01 52.02
12 01 04 01 44.82
12 01 06 01 39.35
12 01 08 01 35.32
12 01 10 01 31.90
12 01 12 01 29.63
12 01 14 01 27.76
12 01 16 02 26.20
12 01 18 01 24.89
12 01 20 01 23.29
12 01 22 01 21.37
12 01 24 01 19.56
12 01 26 01 17.68
12 01 28 01 15.96
12 01 30 01 14.12
12 01 32 01 12.75
12 01 34 01 11.48
12 01 36 01 9.94 
12 01 38 01 8.52 
12 01 40 01 7.27 
12 01 42 01 6.20 
12 01 44 01 5.26 
12 01 46 01 4.38 
12 01 48 01 3.26 
12 01 50 02 2.51 
12 01 52 01 17.81
12 01 54 01 33.13
12 01 56 01 43.41
12 01 58 01 50.23
12 02 00 01 54.80
12 02 02 01 57.88
12 02 04 01 59.93
12 02 06 01 61.28
12 02 08 02 62.18
12 02 10 01 62.77
12 02 12 02 63.30
12 02 14 01 63.55
12 02 16 01 63.70
12 02 18 01 63.80
12 02 20 01 63.86
12 02 22 01 63.93
12 02 24 01 63.95
12 02 26 01 63.96
12 02 28 01 63.97
12 02 30 01 63.97
12 02 32 01 63.99
12 02 34 01 64.08
12 02 36 01 64.13
12 02 38 01 64.12
12 02 40 01 62.79
12 02 42 01 53.94
12 02 44 01 45.15
12 02 46 01 37.58
12 02 48 01 32.42
12 02 50 01 28.97
12 02 52 01 26.66
12 02 54 01 25.16
12 02 56 01 24.08
12 02 58 01 23.39
12 03 00 01 22.92
12 03 02 01 22.62
12 03 04 01 22.41
12 03 06 01 22.27
12 03 08 02 22.17
12 03 10 01 22.11
12 03 12 01 22.10
12 03 14 01 21.76
12 03 16 01 20.90
12 03 18 01 20.08
12 03 20 01 18.06
12 03 22 01 15.06
12 03 24 01 12.88
12 03 26 01 10.23
12 03 28 01 7.90 
12 03 30 01 25.19
12 03 32 01 38.12
12 03 34 01 46.82
12 03 36 01 52.53
12 03 38 01 56.36
12 03 40 01 58.18
12 03 42 01 60.13
12 03 44 01 61.79
12 03 46 01 62.57
12 03 48 01 63.04
12 03 50 01 63.31
12 03 52 01 63.65
12 03 54 01 63.76
12 03 56 01 63.88
12 03 58 01 64.02
12 04 00 01 64.07
12 04 02 01 64.14
12 04 04 01 64.25
12 04 06 01 64.20
12 04 08 01 64.15
12 04 10 01 64.11
12 04 12 01 64.08
12 04 14 02 64.06
12 04 16 01 64.04
12 04 18 01 61.46
12 04 20 01 57.74
12 04 22 02 54.37
12 04 24 01 52.24
12 04 26 01 48.31
12 04 28 01 44.80
12 04 30 01 42.97
12 04 32 01 39.82
12 04 34 01 36.64
12 04 36 01 34.79
12 04 38 01 33.89
12 04 40 01 32.69
12 04 42 01 32.29
12 04 44 01 31.77
12 04 46 01 31.60
12 04 48 01 31.41
12 04 50 01 31.27
12 04 52 01 31.22
12 04 54 01 31.20
12 04 56 01 31.14
12 04 58 01 31.10
12 05 00 01 31.06
12 05 02 01 31.03
12 05 04 01 31.02
12 05 06 01 31.01
12 05 08 01 31.00
12 05 10 01 31.01
12 05 12 01 30.86
12 05 14 01 30.28
12 05 16 01 29.80
12 05 18 01 29.23
12 05 20 01 28.61
12 05 22 01 28.10
12 05 24 01 27.74
12 05 26 01 27.50
12 05 28 01 27.17
12 05 30 01 26.79
12 05 32 01 26.37
12 05 34 01 25.48
12 05 36 01 24.59
12 05 38 01 23.73
12 05 40 01 23.15
12 05 42 01 22.76
12 05 44 01 22.17
12 05 46 01 21.78
12 05 48 01 21.17
12 05 50 01 20.42
12 05 52 01 19.58
12 05 54 01 18.43
12 05 56 01 17.41
12 05 58 01 15.90
12 06 00 01 14.22
12 06 02 01 12.43
12 06 04 01 10.63
12 06 06 01 9.41 
12 06 08 01 8.17 
12 06 10 01 6.51 
12 06 12 01 6.85 
12 06 14 01 25.91
12 06 16 01 38.58
12 06 18 01 47.30
12 06 20 01 52.82
12 06 22 01 56.54
12 06 24 01 59.02
12 06 26 01 60.75
12 06 28 02 61.83
12 06 30 01 62.60
12 06 32 01 63.06
12 06 34 01 63.35
12 06 36 01 63.57
12 06 38 01 63.71
12 06 40 01 63.82
12 06 42 01 63.87
12 06 44 01 63.91
12 06 46 01 63.96
12 06 48 01 64.05
12 06 50 01 64.10
12 06 52 01 64.13
12 06 54 01 64.12
12 06 56 01 64.11
12 06 58 01 64.17
12 07 00 01 64.12
12 07 02 01 62.05
12 07 04 01 49.01
12 07 06 01 39.07
12 07 08 01 32.43
12 07 10 01 27.98
12 07 12 01 24.72
12 07 14 01 20.58
12 07 16 01 16.29
12 07 18 01 12.08
12 07 20 01 23.43
12 07 22 01 36.92
12 07 24 01 45.90
12 07 26 01 51.89
12 07 28 01 55.90
12 07 30 01 58.57
12 07 32 01 60.36
12 07 34 01 61.60
12 07 36 01 62.47
12 07 38 01 62.99
12 07 40 01 63.35
12 07 42 01 63.59
12 07 44 01 63.72
12 07 46 01 63.83
12 07 48 01 63.90
12 07 50 01 63.94
12 07 52 01 63.97
12 07 54 01 63.97
12 07 56 01 64.00
12 07 58 01 64.08
12 08 00 01 64.08
12 08 02 01 64.05
12 08 04 01 64.04
12 08 06 01 64.03
12 08 08 01 63.02
12 08 10 01 57.38
12 08 12 01 49.89
12 08 14 01 43.71
12 08 16 01 39.06
12 08 18 01 34.74
12 08 20 01 31.56
12 08 22 01 29.38
12 08 24 01 27.93
12 08 26 01 26.95
12 08 28 01 26.33
12 08 30 01 25.93
12 08 32 01 25.66
12 08 34 01 25.44
12 08 36 01 25.29
12 08 38 01 25.19
12 08 40 01 25.02
12 08 42 01 24.68
12 08 44 01 24.10
12 08 46 01 23.41
12 08 48 01 22.95
12 08 50 01 22.52
12 08 52 01 21.78
12 08 54 01 20.60
12 08 56 01 18.74
12 08 58 01 17.35
12 09 00 01 15.93
12 09 02 01 14.47
12 09 04 01 13.04
12 09 06 01 11.33
12 09 08 01 9.67 
12 09 10 01 7.60 
12 09 12 01 5.93 
