Duration T1 T1 T2 T2 T3 T3 T4 T4 
0-10 0 0 0 63 0 9 0 0 
10-20 349 34 235 453 0 118 0 0 
20-30 91 256 216 62 0 0 0 0 
30-40 0 106 123 1 2 0 0 0 
40-50 0 40 0 0 2 0 0 0 
50-60 0 4 0 0 1 0 0 0 
60-70 0 0 0 0 9 0 0 0 
70-80 0 0 0 0 7 0 0 0 
80-90 0 0 0 0 6 0 0 0 
90-100 0 0 0 0 12 0 0 0 
100-110 0 0 0 0 15 0 0 0 
110-120 0 0 0 0 1 0 0 0 
120-130 0 0 0 0 13 0 0 0 
130-140 0 0 0 0 9 0 0 0 
140-150 0 0 0 0 10 0 0 0 
150-160 0 0 0 0 8 0 0 0 
160-170 0 0 0 0 5 0 0 0 
170-180 0 0 0 0 6 0 0 0 
180-190 0 0 0 0 5 0 0 0 
190-200 0 0 0 0 5 0 0 0 
200-210 0 0 0 0 2 0 0 0 
210-220 0 0 0 0 4 0 0 0 
220-230 0 0 0 0 0 0 0 0 
230-240 0 0 0 0 2 0 0 0 
240-250 0 0 0 0 2 0 0 0 
250-260 0 0 0 0 1 0 0 0 
260-270 0 0 0 0 0 0 0 0 
270-280 0 0 0 0 0 0 0 0 
280-290 0 0 0 0 0 0 0 0 
290-300 0 0 0 0 0 0 0 0 
