5
0.0	0	0	0	0	0	1	0	1	
5.0	189	0	93	41	42	55	0	0	
10.0	335	7	226	21	64	37	0	0	
15.0	274	4	378	1	123	8	0	0	
20.0	47	0	215	0	195	5	0	0	
25.0	0	1	158	0	521	14	1126	0	
30.0	0	0	62	4	233	74	0	0	
35.0	0	0	17	56	30	269	0	0	
40.0	0	0	5	181	17	416	0	1126	
45.0	0	14	2	286	1	287	0	0	
50.0	0	66	0	252	0	56	0	0	
55.0	0	165	0	155	0	5	0	0	
60.0	0	180	0	108	0	0	0	0	
65.0	0	91	0	19	0	0	0	0	
70.0	0	28	0	0	0	0	0	0	
75.0	0	1	0	0	0	0	0	0	
80.0	0	0	0	0	0	0	0	0	
85.0	0	0	0	0	0	0	0	0	
90.0	0	0	0	1	0	0	0	0	
95.0	0	0	0	6	0	0	0	0	
100.0	0	0	0	15	0	0	0	0	
105.0	0	3	0	6	0	0	0	0	
110.0	0	29	0	3	0	0	0	0	
115.0	0	93	0	0	0	0	0	0	
120.0	0	94	0	1	0	0	0	0	
125.0	0	60	0	0	0	0	0	0	
130.0	0	5	0	0	0	0	0	0	
135.0	0	0	0	0	0	0	0	0	
140.0	0	0	0	0	0	0	0	0	
145.0	0	0	0	0	0	0	0	0	
150.0	0	0	0	0	0	0	0	0	
155.0	0	0	0	0	0	0	0	0	
160.0	0	0	0	0	0	0	0	0	
165.0	0	2	0	0	0	0	0	0	
170.0	0	1	0	0	0	0	0	0	
175.0	0	1	0	0	0	0	0	0	
180.0	0	0	0	0	0	0	0	0	
185.0	0	0	0	0	0	0	0	0	
190.0	0	0	0	0	0	0	0	0	
195.0	0	0	0	0	0	0	0	0	
200.0	0	0	0	0	0	0	0	0	
205.0	0	0	0	0	0	0	0	0	
210.0	0	0	0	0	0	0	0	0	
215.0	0	0	0	0	0	0	0	0	
220.0	0	0	0	0	0	0	0	0	
225.0	0	0	0	0	0	0	0	0	
230.0	0	0	0	0	0	0	0	0	
235.0	0	0	0	0	0	0	0	0	
240.0	0	0	0	0	0	0	0	0	
245.0	0	0	0	0	0	0	0	0	
250.0	0	0	0	0	0	0	0	0	
255.0	0	0	0	0	0	0	0	0	
260.0	0	0	0	0	0	0	0	0	
265.0	0	0	0	0	0	0	0	0	
270.0	0	0	0	0	0	0	0	0	
275.0	0	0	0	0	0	0	0	0	
280.0	0	0	0	0	0	0	0	0	
285.0	0	0	0	0	0	0	0	0	
290.0	0	0	0	0	0	0	0	0	
295.0	0	0	0	0	0	0	0	0	
300.0	0	0	0	0	0	0	0	0	
