frecuencia	"Medido M T1"	"Medido P T1"	"Medido M T2"	"Medido P T2"	"Medido M T3"	"Medido P T3"	"Medido M T4"	"Medido P T4"
0	0	0	0	0	0	1	0	0
5	1	1	1	28	1	1	1	0
10	132	0	166	80	0	0	0	0
15	291	1	212	19	2	0	0	0
20	46	0	130	3	16	0	0	1
25	0	1	156	0	114	0	0	1
30	0	1	40	0	303	2	485	0
35	0	0	4	4	128	11	93	0
40	0	0	0	19	17	72	1	57
45	0	2	0	81	0	311	0	520
50	0	9	0	140	0	169	0	0
55	0	20	0	223	0	12	0	0
60	0	50	0	98	0	2	0	0
65	0	144	0	12	0	0	0	0
70	0	89	0	1	0	0	0	0
75	0	29	0	0	0	0	0	0
80	0	8	0	0	0	0	0	0
85	0	3	0	0	0	0	0	0
90	0	0	0	0	0	0	0	0
95	0	1	0	0	0	0	0	0
100	0	1	0	0	0	0	0	0
105	0	0	0	0	0	0	0	0
110	0	12	0	0	0	0	0	0
115	0	17	0	0	0	0	0	0
120	0	42	0	0	0	0	0	0
125	0	28	0	0	0	0	0	0
130	0	8	0	0	0	0	0	0
135	0	3	0	0	0	0	0	0
140	0	0	0	0	0	0	0	0
145	0	0	0	0	0	0	0	0
150	0	0	0	0	0	0	0	0
155	0	0	0	0	0	0	0	0
160	0	0	0	0	0	0	0	0
165	0	0	0	0	0	0	0	0
170	0	0	0	0	0	0	0	0
175	0	0	0	0	0	0	0	0
180	0	0	0	0	0	0	0	0
185	0	0	0	0	0	0	0	0
190	0	0	0	0	0	0	0	0
195	0	0	0	0	0	0	0	0
200	0	0	0	0	0	0	0	0
205	0	0	0	0	0	0	0	0
210	0	0	0	0	0	0	0	0
215	0	0	0	0	0	0	0	0
220	0	0	0	0	0	0	0	0
225	0	0	0	0	0	0	0	0
230	0	0	0	0	0	0	0	0
235	0	0	0	0	0	0	0	0
240	0	0	0	0	0	0	0	0
245	0	0	0	0	0	0	0	0
250	0	0	0	0	0	0	0	0
255	0	0	0	0	0	0	0	0
260	0	0	0	0	0	0	0	0
265	0	0	0	0	0	0	0	0
270	0	0	0	0	0	0	0	0
275	0	0	0	0	0	0	0	0
280	0	0	0	0	0	0	0	0
285	0	0	0	0	0	0	0	0
290	0	0	0	0	0	0	0	0
295	0	0	0	0	0	0	0	0
300	0	0	0	0	0	0	0	0
