1262300400 -0.264 -0.729 -0.639 -2
1262386800 -0.264 -0.729 -0.639 -2
1262386800 -0.27 -0.694 -0.586 -2
1262473200 -0.27 -0.694 -0.586 -2
1262473200 -0.279 -0.7 -0.557 -2
1262559600 -0.279 -0.7 -0.557 -2
1262559600 -0.381 -0.934 -0.665 -2
1262646000 -0.381 -0.934 -0.665 -2
1262646000 -0.496 -1.234 -0.851 -2
1262732400 -0.496 -1.234 -0.851 -2
1262732400 -0.555 -1.402 -0.944 -2
1262818800 -0.555 -1.402 -0.944 -2
1262818800 -0.498 -1.291 -0.814 -2
1262905200 -0.498 -1.291 -0.814 -2
1262905200 -0.465 -1.242 -0.728 -2
1262991600 -0.465 -1.242 -0.728 -2
1262991600 -0.464 -1.309 -0.774 -2
1263078000 -0.464 -1.309 -0.774 -2
1263078000 -0.458 -1.324 -0.836 -2
1263164400 -0.458 -1.324 -0.836 -2
1263164400 -0.341 -1.023 -0.693 -2
1263250800 -0.341 -1.023 -0.693 -2
1263250800 -0.223 -0.726 -0.524 -2
1263337200 -0.223 -0.726 -0.524 -2
1263337200 -0.161 -0.56 -0.441 -2
1263423600 -0.161 -0.56 -0.441 -2
1263423600 -0.169 -0.569 -0.469 -2
1263510000 -0.169 -0.569 -0.469 -2
