Duration T1 T1 T2 T2 T3 T3 T4 T4 
0-10 1 1 1 28 1 2 1 0 
10-20 423 1 378 99 2 0 0 0 
20-30 46 1 286 3 130 0 0 2 
30-40 0 1 44 4 431 13 578 0 
40-50 0 2 0 100 17 383 1 577 
50-60 0 29 0 363 0 181 0 0 
60-70 0 194 0 110 0 2 0 0 
70-80 0 118 0 1 0 0 0 0 
80-90 0 11 0 0 0 0 0 0 
90-100 0 1 0 0 0 0 0 0 
100-110 0 1 0 0 0 0 0 0 
110-120 0 29 0 0 0 0 0 0 
120-130 0 70 0 0 0 0 0 0 
130-140 0 11 0 0 0 0 0 0 
140-150 0 0 0 0 0 0 0 0 
150-160 0 0 0 0 0 0 0 0 
160-170 0 0 0 0 0 0 0 0 
170-180 0 0 0 0 0 0 0 0 
