Duration T1 T1 T2 T2 T3 T3 T4 T4 
0-10 5 1 10 2 3 1 17 2 
10-20 470 1 792 5 224 1 2 7 
20-30 15 2 109 2 673 1 916 7 
30-40 0 0 1 3 17 1 0 7 
40-50 0 1 0 3 0 2 0 5 
50-60 0 0 0 255 0 676 0 904 
60-70 0 29 0 506 0 230 0 0 
70-80 0 32 0 117 0 0 0 0 
80-90 0 4 0 0 0 0 0 0 
90-100 0 2 0 0 0 0 0 0 
100-110 0 4 0 1 0 0 0 0 
110-120 0 4 0 1 0 3 0 0 
120-130 0 16 0 5 0 1 0 0 
130-140 0 336 0 10 0 0 0 0 
140-150 0 44 0 0 0 0 0 0 
150-160 0 1 0 0 0 0 0 0 
160-170 0 0 0 0 0 0 0 0 
170-180 0 0 0 0 0 0 0 0 
180-190 0 0 0 0 0 0 0 0 
190-200 0 7 0 0 0 0 0 0 
200-210 0 6 0 0 0 0 0 0 
210-220 0 0 0 0 0 0 0 0 
220-230 0 0 0 0 0 0 0 0 
230-240 0 0 0 0 0 0 0 0 
240-250 0 0 0 0 0 0 0 0 
250-260 0 0 0 0 0 0 0 0 
260-270 0 0 0 0 0 0 0 0 
