4
0.0	0	0	0	0	0	1	0	1	
5.0	211	0	214	1	32	1	0	0	
10.0	390	1	706	5	319	22	0	0	
15.0	231	0	283	0	889	10	1720	0	
20.0	42	0	90	0	482	0	0	0	
25.0	0	1	168	0	30	1	0	0	
30.0	0	0	6	0	1	17	0	0	
35.0	0	0	0	2	0	23	0	0	
40.0	0	0	0	32	0	158	0	0	
45.0	0	0	0	220	0	216	0	0	
50.0	0	5	0	344	0	803	0	1720	
55.0	0	53	0	215	0	341	0	0	
60.0	0	113	0	229	0	158	0	0	
65.0	0	61	0	131	0	3	0	0	
70.0	0	9	0	29	0	0	0	0	
75.0	0	1	0	1	0	0	0	0	
80.0	0	0	0	0	0	0	0	0	
85.0	0	0	0	0	0	0	0	0	
90.0	0	0	0	0	0	0	0	0	
95.0	0	0	0	0	0	0	0	0	
100.0	0	0	0	1	0	0	0	0	
105.0	0	0	0	8	0	0	0	0	
110.0	0	0	0	15	0	0	0	0	
115.0	0	1	0	25	0	0	0	0	
120.0	0	46	0	60	0	0	0	0	
125.0	0	179	0	125	0	0	0	0	
130.0	0	152	0	23	0	0	0	0	
135.0	0	36	0	1	0	0	0	0	
140.0	0	1	0	0	0	0	0	0	
145.0	0	0	0	0	0	0	0	0	
150.0	0	0	0	0	0	0	0	0	
155.0	0	0	0	0	0	0	0	0	
160.0	0	0	0	0	0	0	0	0	
165.0	0	0	0	0	0	0	0	0	
170.0	0	0	0	0	0	0	0	0	
175.0	0	0	0	0	0	0	0	0	
180.0	0	10	0	0	0	0	0	0	
185.0	0	48	0	0	0	0	0	0	
190.0	0	113	0	0	0	0	0	0	
195.0	0	36	0	0	0	0	0	0	
200.0	0	7	0	0	0	0	0	0	
205.0	0	0	0	0	0	0	0	0	
210.0	0	0	0	0	0	0	0	0	
215.0	0	0	0	0	0	0	0	0	
220.0	0	0	0	0	0	0	0	0	
225.0	0	0	0	0	0	0	0	0	
230.0	0	0	0	0	0	0	0	0	
235.0	0	0	0	0	0	0	0	0	
240.0	0	0	0	0	0	0	0	0	
245.0	0	0	0	0	0	0	0	0	
250.0	0	0	0	0	0	0	0	0	
255.0	0	1	0	0	0	0	0	0	
260.0	0	0	0	0	0	0	0	0	
265.0	0	0	0	0	0	0	0	0	
270.0	0	0	0	0	0	0	0	0	
275.0	0	0	0	0	0	0	0	0	
280.0	0	0	0	0	0	0	0	0	
285.0	0	0	0	0	0	0	0	0	
290.0	0	0	0	0	0	0	0	0	
295.0	0	0	0	0	0	0	0	0	
300.0	0	0	0	0	0	0	0	0	
