4
0.0	0	0	0	0	0	1	0	1	
5.0	183	0	128	92	18	101	0	0	
10.0	279	15	186	77	53	37	0	0	
15.0	308	15	256	5	162	4	0	0	
20.0	48	0	136	2	35	11	0	0	
25.0	0	1	214	13	64	113	0	0	
30.0	0	0	112	60	375	333	0	909	
35.0	0	6	45	169	301	305	909	0	
40.0	0	24	2	259	37	131	0	0	
45.0	0	39	0	211	3	13	0	0	
50.0	0	119	1	91	0	0	0	0	
55.0	0	209	0	80	0	0	0	0	
60.0	0	176	0	19	0	0	0	0	
65.0	0	64	0	0	0	0	0	0	
70.0	0	19	0	0	0	0	0	0	
75.0	0	9	0	0	0	0	0	0	
80.0	0	1	0	0	0	0	0	0	
85.0	0	0	0	1	0	0	0	0	
90.0	0	1	0	1	0	0	0	0	
95.0	0	3	0	0	0	0	0	0	
100.0	0	6	0	0	0	0	0	0	
105.0	0	19	0	0	0	0	0	0	
110.0	0	42	0	0	0	0	0	0	
115.0	0	36	0	0	0	0	0	0	
120.0	0	14	0	0	0	0	0	0	
125.0	0	0	0	0	0	0	0	0	
130.0	0	0	0	0	0	0	0	0	
135.0	0	0	0	0	0	0	0	0	
140.0	0	0	0	0	0	0	0	0	
145.0	0	0	0	0	0	0	0	0	
150.0	0	0	0	0	0	0	0	0	
155.0	0	0	0	0	0	0	0	0	
160.0	0	0	0	0	0	0	0	0	
165.0	0	0	0	0	0	0	0	0	
170.0	0	0	0	0	0	0	0	0	
175.0	0	0	0	0	0	0	0	0	
180.0	0	0	0	0	0	0	0	0	
185.0	0	0	0	0	0	0	0	0	
190.0	0	0	0	0	0	0	0	0	
195.0	0	0	0	0	0	0	0	0	
200.0	0	0	0	0	0	0	0	0	
205.0	0	0	0	0	0	0	0	0	
210.0	0	0	0	0	0	0	0	0	
215.0	0	0	0	0	0	0	0	0	
220.0	0	0	0	0	0	0	0	0	
225.0	0	0	0	0	0	0	0	0	
230.0	0	0	0	0	0	0	0	0	
235.0	0	0	0	0	0	0	0	0	
240.0	0	0	0	0	0	0	0	0	
245.0	0	0	0	0	0	0	0	0	
250.0	0	0	0	0	0	0	0	0	
255.0	0	0	0	0	0	0	0	0	
260.0	0	0	0	0	0	0	0	0	
265.0	0	0	0	0	0	0	0	0	
270.0	0	0	0	0	0	0	0	0	
275.0	0	0	0	0	0	0	0	0	
280.0	0	0	0	0	0	0	0	0	
285.0	0	0	0	0	0	0	0	0	
290.0	0	0	0	0	0	0	0	0	
295.0	0	0	0	0	0	0	0	0	
300.0	0	0	0	0	0	0	0	0	
