4
0.0	0	0	0	0	0	1	0	1	
5.0	215	0	81	40	61	43	0	0	
10.0	313	2	241	31	42	42	0	0	
15.0	284	4	441	0	90	19	0	0	
20.0	39	0	197	0	237	3	0	0	
25.0	0	1	158	0	534	27	1126	0	
30.0	0	0	51	3	242	77	0	0	
35.0	0	0	9	77	14	242	0	0	
40.0	0	1	2	172	9	418	0	1126	
45.0	0	9	0	306	0	319	0	0	
50.0	0	45	0	234	0	35	0	0	
55.0	0	181	0	162	0	3	0	0	
60.0	0	211	0	117	0	0	0	0	
65.0	0	105	0	22	0	0	0	0	
70.0	0	15	0	0	0	0	0	0	
75.0	0	0	0	0	0	0	0	0	
80.0	0	0	0	0	0	0	0	0	
85.0	0	0	0	0	0	0	0	0	
90.0	0	0	0	1	0	0	0	0	
95.0	0	0	0	8	0	0	0	0	
100.0	0	0	0	4	0	0	0	0	
105.0	0	4	0	2	0	0	0	0	
110.0	0	25	0	0	0	0	0	0	
115.0	0	92	0	1	0	0	0	0	
120.0	0	100	0	0	0	0	0	0	
125.0	0	45	0	0	0	0	0	0	
130.0	0	7	0	0	0	0	0	0	
135.0	0	0	0	0	0	0	0	0	
140.0	0	0	0	0	0	0	0	0	
145.0	0	0	0	0	0	0	0	0	
150.0	0	0	0	0	0	0	0	0	
155.0	0	0	0	0	0	0	0	0	
160.0	0	0	0	0	0	0	0	0	
165.0	0	0	0	0	0	0	0	0	
170.0	0	0	0	0	0	0	0	0	
175.0	0	4	0	0	0	0	0	0	
180.0	0	0	0	0	0	0	0	0	
185.0	0	0	0	0	0	0	0	0	
190.0	0	0	0	0	0	0	0	0	
195.0	0	0	0	0	0	0	0	0	
200.0	0	0	0	0	0	0	0	0	
205.0	0	0	0	0	0	0	0	0	
210.0	0	0	0	0	0	0	0	0	
215.0	0	0	0	0	0	0	0	0	
220.0	0	0	0	0	0	0	0	0	
225.0	0	0	0	0	0	0	0	0	
230.0	0	0	0	0	0	0	0	0	
235.0	0	0	0	0	0	0	0	0	
240.0	0	0	0	0	0	0	0	0	
245.0	0	0	0	0	0	0	0	0	
250.0	0	0	0	0	0	0	0	0	
255.0	0	0	0	0	0	0	0	0	
260.0	0	0	0	0	0	0	0	0	
265.0	0	0	0	0	0	0	0	0	
270.0	0	0	0	0	0	0	0	0	
275.0	0	0	0	0	0	0	0	0	
280.0	0	0	0	0	0	0	0	0	
285.0	0	0	0	0	0	0	0	0	
290.0	0	0	0	0	0	0	0	0	
295.0	0	0	0	0	0	0	0	0	
300.0	0	0	0	0	0	0	0	0	
